3.714419842881395151e-01
-2.842929719538102029e-01
-3.446898791106651760e-01
-7.017531588800237641e-01
-3.861701691840555561e-01
-4.780839469200241498e-01
-4.095141962537520719e-01
-3.897881468790626025e-01
-7.435000981565113021e-01
-5.812058681460261500e-01
-9.682353482032595160e-01
-9.476495267332518679e-01
-4.938071278513470608e-01
9.424088260756513513e-02
-1.368341386161943674e-01
-5.168319692257535847e-01
-5.810359794331859673e-01
-5.060235728162416624e-01
-1.858423008191038561e-01
-5.904924592270657246e-01
-4.275689102556219368e-01
-1.043318140054734888e+00
-1.133896608999648059e+00
-6.897941767192196094e-01
-5.058188693620724319e-01
-4.991081849715800489e-01
-5.018484916478300750e-01
-9.700553650099816849e-01
-5.832317899230828884e-01
-4.981840728458146184e-01
-1.027956219272797345e+00
-3.221138676519262334e-01
-1.076857295593437680e+00
-4.106895331315637554e-01
-7.047505476263795643e-01
-2.846043393263959498e-01
-1.288095114239920402e+00
-9.906613116907487804e-01
-8.636073681297289362e-01
-5.815015301363901656e-01
-4.368071530427177773e-01
-1.918399111181623429e-01
-9.971129081639333869e-01
-1.029581034796184236e+00
-4.839391038719584870e-01
-5.751755238759855837e-01
-9.357809633636728908e-01
-8.047912922275333170e-01
-4.033208400437769958e-01
-1.084002503313116206e+00
-9.258588987949669669e-01
-6.796802742702481304e-01
-6.792091693340213121e-01
-1.212243266435756306e-01
-1.276925773314959933e+00
-5.536740374890537497e-01
-6.815179442921971420e-01
-7.413348144711092713e-01
-9.799106090422096127e-01
-5.783899980822907461e-01
-6.593284919202415661e-01
-6.655097905911345757e-01
-4.521022874169711159e-01
-7.218248589366348389e-01
-5.404832765586140564e-01
-9.058654490727446884e-01
-8.876506056686106483e-01
-3.863998159210788597e-01
-2.763722209870922986e-01
-6.832550327539241852e-01
-6.964307295122027508e-01
-1.049840641820758869e+00
-7.051216946714702338e-01
-9.252276382249372544e-01
-5.684202681738745877e-01
-6.173301494498730779e-01
-7.542441276296458774e-01
-9.566668165561313941e-01
-1.041311029801544219e+00
-1.573566702316947952e+00
-6.772154516765401810e-01
-1.139629887765026606e+00
-8.975569953516802091e-01
-4.410357994322803288e-01
-9.694577892799038921e-01
-1.283644216824997297e+00
-9.312602346179680302e-01
-1.128837026271965360e+00
-3.564181163061376223e-01
-8.035405340258845452e-01
-7.726825316469954075e-01
-7.580124479014709316e-01
-7.765535410784815129e-01
-9.040577695178920736e-01
-6.030828364448469481e-01
-7.795480528663800701e-01
-1.199871550196313974e+00
-6.553330810293469533e-01
-3.596210499700052132e-01
-9.232115488963728023e-01
1.120069472368693253e-01
-3.860325918442709114e-01
-1.429823438716973261e+00
-4.843494811564630353e-01
-9.299451029663055035e-01
-3.807463402189918411e-01
-6.808987546291900284e-01
-5.711381343512831332e-01
-5.037208358919675888e-01
-1.114666143094349193e+00
-9.018494832390302474e-01
-1.022299577595450648e+00
-1.111967987972501959e+00
-8.639920169433157326e-01
-6.445420494141567147e-01
-8.957361339963134661e-01
-1.067055288951995085e+00
-1.109773003578195416e+00
-7.603562955284113301e-01
-1.377753385977202205e+00
-8.426964125236511283e-01
-6.040922333039085990e-01
-1.075307419271527065e+00
-1.180771396516512972e+00
-7.225378704154992171e-01
-9.800348084063591481e-01
-8.920344973727060145e-01
-7.008304293587938050e-01
-5.134015586482998383e-01
-8.621321709047125026e-01
-7.555357034657619320e-01
-7.573574263610094448e-01
-8.300254075756785532e-01
-1.316600839171482962e+00
-1.021899160831064801e+00
-1.081049923994722217e+00
-7.379660607523818028e-01
-9.214791343814862090e-01
-1.070996556164425462e+00
-1.235882919288297632e+00
-5.696514908985925718e-01
-8.632694976372993212e-01
-1.368120341395160589e+00
-4.233579460050400645e-01
-1.322647333166864225e+00
-6.538049061551758356e-01
-1.297885786349105341e+00
-1.226923501914163106e+00
-9.114638746040317763e-01
-5.114044209988297673e-01
-1.087068153029196349e+00
-1.020960936649056627e+00
-8.357512605440201581e-01
-9.769876594436531780e-01
-5.200218428887288802e-01
-7.165459192511801634e-01
-4.118762292529191127e-01
-1.147178446689945286e+00
-1.356186588882239086e+00
-1.116447778220549081e+00
-9.439948891460211433e-01
-1.077517426745954632e+00
-1.143368771238085335e+00
-8.365306694732654869e-01
-9.051008916341479749e-01
-1.396732575280277500e+00
-8.458388527561143677e-01
-1.165848280470392018e+00
-1.010627114080552946e+00
-1.074758021492711046e+00
-9.292275766529968228e-01
-1.033802302951265961e+00
-8.950423556146746007e-01
-1.417274750466978483e+00
-9.409480392907679791e-01
-1.349026351281346070e+00
-9.158866507866366691e-01
-7.060802629047282508e-01
-1.523484177650928029e+00
-8.239665266154381218e-01
-1.079916136114273062e+00
-7.046264126821559781e-01
-1.073879414475129579e+00
-7.118283622542789235e-01
-1.043455166805421941e+00
-1.468800300244037071e+00
-5.976305384937770082e-01
-1.161938518817258181e+00
-5.697091408756785880e-01
-1.280617426737422404e+00
-1.534813184112142626e+00
-1.074992149297329336e+00
-1.673623996757194199e+00
-1.356958701086328434e+00
-6.693340901108512098e-01
-1.664733491533708198e+00
-1.068218002679432788e+00
-9.526184858707971159e-01
-1.211709330820459396e+00
-1.056678589592469297e+00
-8.062787860785829430e-01
-1.222809246524211968e+00
-1.306498641560474017e+00
-6.423118391279680761e-01
-6.376371779334868428e-01
-1.377724127467555570e+00
-1.053709441871460761e+00
-1.587638914326417350e+00
-1.193082925400618333e+00
-1.325048224698043065e+00
-1.279177255580302930e+00
-7.902036220128503263e-01
-1.083503449304080490e+00
-1.126083628037475304e+00
-5.624943983745920306e-01
-1.175319087150373365e+00
-9.416074726116070437e-01
-8.429907638431779482e-01
-7.160827804549079190e-01
-8.001052492168261310e-01
-9.443844771302565277e-01
-8.596065346051031675e-01
-4.130667053803247502e-01
-7.557809287400971687e-01
-1.285631366187917068e+00
-9.403582360022892939e-01
-6.610335762651586844e-01
-1.031681696512400048e+00
-8.842919931632210462e-01
-1.463138277328179804e+00
-1.182903597253655903e+00
-9.528190846647656143e-01
-1.155415204729464351e+00
-1.297552375613176823e+00
-1.318303175030449914e+00
-1.138804676649342262e+00
-1.063026072221110896e+00
-9.979963067936333809e-01
-6.090541669636400091e-01
-1.350261385521044577e+00
-1.409474954281229264e+00
-1.371345303656636982e+00
-1.568311764590988311e+00
-1.158736308161684825e+00
-1.186822937805454670e+00
-5.969182563834154465e-01
-1.224724797482859007e+00
-7.891765004266093619e-01
-6.815207419524977883e-01
-9.316484945640735038e-01
-1.287365189664838816e+00
-1.083272996255256082e+00
-1.034192047404144166e+00
-6.076073143610276617e-01
-1.033976432642815135e+00
-1.296193273903717191e+00
-1.011439120976088013e+00
-1.044426193590468843e+00
-1.336830190348030412e+00
-1.056493789983741216e+00
-4.755781452168875156e-01
-5.807382380695507162e-01
-1.307113724034868918e+00
-6.175662585313153041e-01
-4.444396007497586343e-01
-8.903902251430346748e-01
-1.231825644567527078e+00
-6.510221434404905860e-01
-1.004607014179514479e+00
-1.118195905827111591e+00
-9.768034677218841999e-01
-1.260981660398930337e+00
-5.822560397983747027e-01
-8.917393184817735685e-01
-1.019384451655431345e+00
-7.309971146152454136e-01
-9.837750759020165159e-01
-6.717700131688475462e-01
-1.076435939650347784e+00
-1.701353297199369896e+00
-9.218704113703166669e-01
-9.340524080503732618e-01
-1.174237553730838490e+00
-7.909475114642421367e-01
-1.232639841750919896e+00
-9.452322538307793565e-01
-6.776763345987105724e-01
-1.395476468681970506e+00
-9.542918001358606794e-01
-1.070050345209308862e+00
-1.484856916059582588e+00
-1.133128554946728705e+00
-9.674203588110878993e-01
-8.111006208893951630e-01
-2.920010383569597856e-01
-7.915785946112763316e-01
-3.430057105248596194e-01
-5.000611338057039390e-01
-1.148157517102887493e+00
-9.686012439336965096e-01
-8.593171167316764336e-01
-1.284073508613423842e+00
-8.885983420331481364e-01
-5.448691706930532952e-01
-1.372782141402938194e+00
-1.377115960888169344e+00
-1.359610340531426154e+00
-1.508670855514860687e+00
-6.914999798736106706e-01
-7.459515403371826947e-01
-3.478897068001951531e-01
-1.176987078465661529e+00
-8.727869858136313441e-01
-1.392468761002960242e+00
-1.021827668633542352e+00
-5.739469811852013770e-01
-6.720853774335864284e-01
-1.076856849379959513e+00
-8.456363127819481740e-01
-8.989983185584871084e-01
-8.339321506726116162e-01
-9.818559739365166905e-01
-7.431761612492174818e-01
-1.400756181132257083e+00
-5.001818424480297676e-01
-6.859229215535864732e-01
-7.866345367400775501e-01
-5.935387793070393547e-01
-7.100172573701707401e-01
-7.400137615600745900e-01
-6.711202380961099889e-01
-1.087090359361513769e+00
-1.468193628037111731e+00
-9.067684418199697394e-01
-4.832837815983848095e-01
-7.240866676372180732e-01
-1.018542770771272199e+00
-7.335473080421882619e-01
-3.369649399274566304e-01
-8.806649711341985043e-01
-3.486443342608814833e-01
-1.230606646979987451e+00
-9.778140772492717181e-01
-1.456871739638188501e+00
-1.175536640982903336e+00
-5.042239157594168297e-01
-5.659500337265781500e-01
-1.027390977751787338e+00
-1.202991318391762876e+00
-1.017771366138668032e+00
-1.053203437927661801e+00
-9.310345638411390290e-01
-1.376053830570074243e+00
-1.016422768109317420e-01
-7.773680981590368466e-01
-8.760500039572403086e-01
-1.036240551617240158e+00
-4.436827092822331342e-01
-9.042435063377449733e-01
-7.953340448708470234e-01
-5.428736565298311056e-01
-6.776807624961528331e-01
-2.761317589310868792e-01
-8.980328991756320045e-01
-5.802670673414767055e-01
-1.370594315849793077e+00
-8.660838308426249688e-01
-8.186942174215998680e-01
-9.958274144284049445e-01
-6.836758589547773379e-01
-8.701294423356480401e-01
-9.482366493147622588e-01
-1.260912305278074852e+00
-2.588671401951760376e-01
-9.309370651117279127e-01
-1.230450670357733145e+00
-6.587906279590767245e-01
-4.469205200928651478e-01
-9.634034573054358619e-01
-7.446731037415942334e-01
-5.433243074828448815e-01
-5.497316475792858315e-01
-9.975016262819513813e-01
-7.892674662896045357e-01
-4.465606725863751070e-01
-1.055774567947667775e+00
-3.972306740903220890e-01
-5.984245075886083232e-01
-4.998635919467199207e-01
-8.347247801877504259e-01
-6.735182386059601622e-01
-1.060572580100855866e+00
-8.135955291886554086e-01
-8.521146979585497716e-01
-4.648054836862097750e-01
-4.047000461278312256e-01
-5.119352211880088266e-01
-9.802185566982466458e-01
-7.922059444345762591e-01
-3.350601778730565861e-01
-3.005040946298736526e-01
-2.661106486881639199e-01
-6.375361309119182973e-01
-6.575253470957479474e-01
-2.114639054123342299e-01
-2.647993391587717404e-01
-4.683072823566174492e-01
3.538152773843172838e-03
-2.245198171984555957e-01
-8.112627642519905091e-01
-1.088060243133923688e+00
-3.349360836769702532e-01
3.472710399086809119e-03
-7.345754196978384609e-01
-5.417171992544802528e-01
-6.438524412460780999e-01
-1.051396272650683805e+00
-7.439660402834252784e-01
-1.533829113513300868e-01
-4.361838105986490799e-01
-8.600379251884897602e-01
-1.665057365446824256e-01
-6.781412736456003953e-01
-3.237791887034963123e-01
-7.561646163707453905e-01
-7.290714183628010936e-01
-6.360787713479703065e-01
-4.245975951855726072e-01
3.926047843075154420e-01
2.807103708977742862e-04
-1.270802280961191300e-01
-1.852568061967264090e-01
-1.324693577449516102e+00
-2.017660736327990256e-01
-4.532411238714691426e-01
-1.268079330173617625e-01
-3.897936697754879054e-01
-6.908270679049303142e-01
-2.613142803553938354e-01
-2.981470439256949656e-01
-7.155808082217631760e-01
-5.835686097566346042e-01
-5.126308867918697443e-01
-2.047656928783196384e-01
-1.325824657468457346e-01
-6.210007863651565430e-01
-4.052064504499365838e-01
-4.620342653248681875e-01
-9.750547163649829763e-01
-5.127980155671389983e-01
-7.095931804004778076e-01
-2.032011114446647393e-01
-8.839433655020959568e-01
-4.739381030989459065e-01
-7.335400361011763515e-01
-5.610591184521196428e-02
-2.133154242389123378e-01
1.446661752884523811e-01
-4.620262039203735238e-01
-4.598984500443812351e-01
-7.662746963630640007e-02
-3.814781466693095702e-01
-3.665680251598920081e-01
-7.278396851425701364e-01
-1.610604221412430259e-01
4.336235125546484270e-01
-1.126820186686955161e+00
-5.502043772351001838e-01
-3.984946732295369665e-01
-7.267577093226007534e-03
-5.282046839227436674e-01
-6.689200117225135855e-01
2.293726258645888416e-01
-5.274339097928012476e-01
2.054581093130336544e-03
-2.014594126481161207e-01
9.358100975068120442e-02
2.265688221407000658e-01
-6.318036922965231117e-01
-4.280998852597985849e-01
-7.287439702989853552e-02
-3.007352939694204474e-01
-1.897525486540467266e-01
-8.261003466951339913e-01
-2.985523618719531092e-01
3.610535406931528191e-02
-6.085036190652336474e-01
1.282236765240556409e-01
-2.045816486734077511e-01
-2.665303119609235827e-01
-5.337358534199154736e-02
-3.873772240762575758e-01
-4.468288233109131147e-01
-3.373203878777163434e-01
2.359501042105136004e-01
-1.975065668512084871e-01
-4.703942048703022571e-01
-5.763309745914446669e-01
1.265498613221002489e-01
3.182042943589091788e-02
1.982224471617634876e-01
-4.343056712759322258e-01
2.069710826964872297e-01
-2.229946912164820771e-01
3.471625735275806202e-01
-3.254178159959920102e-01
-3.215156118913399808e-01
-2.925133365041424072e-01
1.267891878593181698e-02
-2.392897814419787383e-01
-3.777692412190004623e-01
9.365221189674907687e-02
-1.330994781255496334e-02
8.366864411553709413e-02
-1.188255866088281931e-01
-4.767705317743439752e-01
2.884147242769096731e-01
1.977223853203919635e-01
1.781156262800203394e-01
3.083231257001053383e-01
-2.382478176356344068e-01
2.097533633951331467e-01
-2.734851957575199499e-01
-5.714228380096851856e-01
-3.438732934391234425e-02
1.587074945551604221e-01
2.627329085889555382e-01
-5.026632154126750920e-03
6.851020013124738475e-03
1.033230116813665667e-01
6.184693574279943595e-01
-4.691853082288711119e-01
-2.319103235722674017e-01
-2.144852582866831059e-02
3.353902031165993392e-01
4.486442985712139619e-01
-3.801008691724281352e-01
1.697307764200390590e-01
-1.328924193447875435e-01
2.503728238066630918e-01
-3.085231986563676809e-01
2.442396645527825094e-01
6.831781268696073273e-01
3.092330018262112734e-01
-3.047513646421214917e-01
7.237231908592051122e-02
1.525890194934846067e-01
2.428411596663263561e-01
-1.836622831161041636e-02
-2.846788777160653983e-02
-3.973765916243661156e-01
1.226138489717462227e-01
-1.718120748322710667e-01
4.433164305343180456e-02
-3.593625054331098245e-01
4.769350648096359890e-02
4.517460884521391495e-01
-7.481809596461388989e-02
-2.735017405865455276e-01
3.772320352127421228e-01
-3.080046355687190984e-02
2.610316283244850655e-01
6.218431809556631551e-01
4.186656827228822930e-01
7.013843696418936569e-02
-5.934840153758744186e-02
-3.783281163659016899e-01
-2.870811306422639264e-01
-6.793580954373998337e-02
8.615474916846158071e-02
1.406653510615713532e-01
-9.969345358200520923e-02
5.234102452461615318e-01
-6.024353569567546529e-01
-5.937916069994558788e-02
7.177519356750776680e-01
-4.809596129487947458e-01
3.910297563344692362e-01
6.516171769677520098e-01
-5.121928365642935965e-02
3.442819068758229406e-01
-1.201094213065779792e-01
4.881878165445423523e-01
4.565089126557571042e-01
1.638295703235648215e-01
6.925641765348874990e-02
-2.861953119120013711e-01
2.934581447375812502e-01
-9.707842951522099861e-02
1.268558037565425678e-01
2.650360691843932082e-01
-1.033349277074050443e-01
4.176228886550066854e-01
5.891129070984071348e-01
9.624596012089425834e-04
3.898816997729784850e-01
1.465258118563934620e-01
3.100682022160476392e-01
-4.435756989544969997e-02
5.544742896851694303e-01
3.835537576696520512e-01
1.123062524331612355e+00
5.941701472020385344e-01
5.052033963970448127e-01
3.864908107266979975e-01
3.483870993667073090e-01
2.724079048456628516e-01
5.346821081507913132e-01
-1.668979166906472411e-01
1.443758721484070806e-01
-6.327454329806109223e-02
4.705408701520236159e-01
2.909402682510665583e-01
5.397119158670682371e-01
-6.722577150128727919e-02
-1.021125061885153062e-02
7.570182273945501583e-01
5.525685475285081472e-01
-1.333184979071987963e-01
7.042218661398198520e-01
-3.041862043299925489e-02
3.087167050048830186e-01
6.023495896823012341e-01
-7.175201361153238366e-03
3.597683652494095830e-01
5.642928065903999313e-01
6.824897617671970007e-01
6.590412582124695051e-01
6.852896384742759306e-01
3.767210933500271253e-01
3.838168268463997834e-01
4.325258386853064185e-01
3.571544107072229801e-01
1.057450299367607816e+00
7.277201227012466411e-01
7.362503615200267637e-01
1.202169308871528508e-01
5.564480265468051412e-01
8.792141152364951751e-01
6.155677090251345795e-01
5.589803970750847339e-01
5.376434969295895705e-01
5.520343182331137744e-01
7.243160792456387886e-01
4.366603788771387107e-01
9.620552094081366024e-01
4.480981766492545537e-01
5.667540404792138498e-01
1.362925716969826118e-01
7.345197984499745036e-01
6.753865127549780745e-01
5.044804110135826525e-01
4.975569908174699019e-01
2.008433964906217173e-01
2.780086816684579354e-02
1.081550286971900476e+00
6.115033553129411992e-01
7.111580130551953260e-01
5.765501456057887664e-01
5.247977188706314244e-01
1.319170636438338207e+00
1.050610199086647878e+00
7.436038216927187694e-02
6.910618600499119912e-01
1.242535639402490677e+00
4.719813598339571703e-01
9.061478332133028335e-01
5.261360974053049810e-01
5.403715074054938894e-01
3.661757604498080965e-01
6.668115975272327356e-01
6.617894488280462451e-01
2.686771096047986807e-01
9.845120654925814119e-01
6.850328009315633793e-01
4.408178354756855932e-01
6.198580041840087151e-01
8.300529365458617637e-01
6.409106315691984745e-01
5.981629854111264466e-01
1.009252709396921688e+00
8.343869640957517486e-01
8.874056978661524209e-01
9.071508517263348059e-01
4.902343620682073633e-01
6.312885404946292356e-01
8.870340503454698933e-01
1.229856292377948135e+00
3.410165275468417523e-01
8.380619813319920564e-01
6.727665795262982584e-01
5.152251857713638916e-01
9.607243519608280602e-01
5.742946944170803647e-01
7.175121583538991432e-01
5.053034205592066286e-01
8.544864547505101049e-01
1.180808809090674316e+00
1.012581243149306420e+00
1.261834727760868802e-01
4.894181277992573631e-01
1.002191411863035286e+00
5.027970945112276713e-01
8.250051614943267886e-01
9.926262042053410894e-01
3.439709192017277317e-01
1.147309042466660101e+00
6.251325663298166191e-01
7.678444820044072472e-01
6.443738853706918457e-01
6.437599911351672421e-01
4.735221640179591573e-01
4.789266067590982612e-01
8.243660041004475802e-01
1.232442279622060433e+00
6.868280870987832909e-01
1.351921926868557833e+00
8.134348672796511970e-01
5.803315178313590561e-01
1.026954183302858814e+00
1.052726115614810221e+00
7.400956139824671487e-01
9.411000394290470750e-01
3.366992335736102016e-01
1.410730868841334917e+00
1.359428879937568890e+00
1.870189908624537711e-01
1.101016182765036433e+00
7.797971774645402476e-01
2.912115186338648520e-01
6.131898945655259725e-01
1.361998176177277475e+00
5.461994179569078511e-01
1.166138903731045007e+00
7.203110857647601062e-01
8.079752891317598662e-01
1.026764896770739233e+00
7.060847874185856021e-01
1.023054464616512060e+00
1.170193640392730883e+00
1.043123069686494153e+00
8.152401670010349655e-01
9.812881741317710516e-01
9.247002725007584800e-01
5.882183490648325019e-01
1.067229547482940744e+00
7.148696015438864571e-01
7.851725045570944195e-01
4.117857158116059457e-01
4.506542531871909341e-01
6.772626009893607524e-01
6.104742253135262420e-01
1.039979904507319253e+00
4.226801615324540240e-01
1.193683540153238187e+00
1.110458624738696276e+00
1.189895375886031337e+00
9.807217735613809051e-01
5.128068841259130206e-01
9.178969943049173352e-01
9.901010660222048232e-01
1.285899987495914054e+00
1.059594992430719085e+00
6.229662016918613432e-01
1.342021609427692663e+00
1.173163321423506877e+00
1.062258149573180210e+00
4.986827552048448964e-01
1.637252862220586636e+00
1.272979554120604817e+00
1.089753776460148593e+00
1.384813588018898534e+00
9.087436667418297143e-01
6.270144648688045219e-01
8.044385046084840951e-01
1.196922578842589235e+00
1.344573589827996685e+00
4.105754242243293550e-01
8.929457110019710653e-01
1.211280413895294394e+00
1.324865526849063446e+00
8.120822238848559582e-01
7.636484647261205794e-01
6.968717956327366014e-01
7.616372338508955453e-01
1.454747709462052896e+00
1.370414966216172203e+00
5.763886051016871015e-01
1.925260653021797275e+00
1.204533803663444091e+00
5.677852849165783145e-01
1.237922606032198836e+00
1.076707291564387159e+00
4.723976471388589005e-01
1.151038040608655111e+00
8.021378391281398512e-01
1.114081184601141139e+00
1.584759561845066056e-01
7.959928973178357348e-01
1.090955208500443918e+00
8.731212575178104451e-01
1.233976930001483119e+00
8.675423357111465839e-01
6.899411959243699766e-01
1.258506288410176976e+00
9.997128233612950776e-01
6.398811730490229222e-01
1.222953270375098489e+00
1.250681943330068213e+00
1.403954454978473931e+00
7.529820098774212545e-01
1.187082793999326480e+00
1.033076866692644424e+00
9.384546226960746029e-01
9.867437711610840267e-01
3.874444260819399632e-01
5.585731050272269016e-01
1.093669862306609675e+00
1.155685682339714138e+00
1.029132875459634500e+00
1.221030735461418493e+00
1.024838194914000633e+00
1.195635547195227577e+00
6.383187075196934401e-01
1.424942855303648948e+00
1.240345049554000267e+00
7.577095715277304411e-01
1.233371033089313729e+00
1.436909583757649989e+00
1.456513976183305470e+00
1.063984165108221358e+00
1.422872413209052223e+00
1.313179108909624304e+00
1.196758327301784330e+00
1.058055182349482370e+00
9.245729069077737172e-01
9.848546507321148669e-01
7.989380021197096671e-01
5.644267359018364516e-01
7.673394498796397567e-01
1.568598150526112400e+00
8.058321883168645394e-01
7.870615361888866346e-01
1.106170603947249420e+00
1.210799269686440027e+00
8.898776607733911437e-01
1.028847102098864319e+00
8.093713416450573073e-01
4.498366655802097380e-01
7.039405880001592397e-01
8.267755303900462538e-01
1.207307886349067161e+00
7.430045579736863637e-01
6.104990004888406485e-01
6.554357647288568955e-01
7.588662892281976546e-01
1.281684087567547037e+00
8.107828697768680870e-01
5.867173737570270386e-01
6.441841506945740203e-01
5.556583725119184081e-01
1.419277236376972784e+00
4.962878824226023000e-01
1.151641182245551676e+00
8.257906641660113234e-01
1.521536321458370367e+00
6.004723845556895201e-01
9.788318876654006351e-01
6.313338743804695063e-01
9.007417318405271933e-01
1.033005921872244492e+00
1.153940732644013867e+00
1.020333016711546303e+00
8.589030810702168450e-01
9.277194049438085566e-01
9.253887948272643271e-01
9.040302435206486464e-01
9.496121346569309507e-01
1.407307494455035890e+00
6.980696265256824962e-01
1.654314061426866322e+00
1.593137044503715183e+00
6.334486729068213862e-01
9.787384877392537597e-01
1.141234786507815846e+00
5.202498043464840460e-01
7.321478885980837736e-01
1.056481579729667608e+00
7.206125281244182279e-01
9.947027130308457865e-01
8.313051238969180190e-01
1.270070800052815363e+00
1.470512509979785332e+00
1.206235736506693135e+00
1.141477676803938079e+00
1.072034960274318216e+00
1.308406513588968423e+00
1.289402816198114810e+00
1.148810437385019201e+00
1.093335777460460845e+00
8.948638826706482030e-01
7.698966759391704384e-01
8.716940905585424115e-01
7.574234492398265184e-01
9.983034368899952327e-01
1.114755745829409950e+00
6.786799050281204781e-01
1.138126517891807854e+00
5.949906393927608672e-01
1.617147439072613047e+00
5.475658706409445298e-01
1.306371448698706361e+00
9.083614786203426661e-01
9.884166800938852804e-01
9.365795745837818265e-01
6.980146732110168450e-01
8.630810760361662393e-02
1.503003313906130511e+00
1.062132044914844364e+00
1.124813642956284276e+00
8.500558349258718893e-01
7.424029682729242907e-01
1.133324605208337665e+00
6.301884602831930859e-01
1.193583946909187343e+00
7.925310892995294232e-01
1.200832938239665637e+00
1.182742573720948931e+00
7.396071051619557135e-01
9.350784391411436358e-01
1.225666280064178215e+00
1.226760536970495252e+00
5.653799876585052786e-01
1.298023830516346289e+00
5.462118127747291885e-01
6.980290303203154911e-01
4.994429278893293134e-01
4.327495564379235105e-01
8.543444143020462178e-01
1.146239564863202887e+00
9.828974423899348167e-01
8.150108528599736557e-01
1.190913028501481286e+00
1.186599014378147521e+00
8.320312362406356854e-01
9.574851208631750543e-01
1.247922792600003827e+00
4.480530531288294815e-01
7.242769061527168928e-01
6.263789530856612719e-01
1.321843083018494180e+00
7.581329768167197614e-01
1.008158557573012315e+00
5.893772434278179428e-01
9.908954148063988665e-01
1.048635824610274270e+00
1.551690768002852883e+00
3.965686158327494937e-01
9.985931507866794288e-01
8.504305952939194002e-01
6.074248520723473099e-01
8.816598931476851142e-01
1.049520574597922584e+00
5.362266645099014184e-01
7.980968050409754655e-01
8.242901445870820520e-01
5.386364941446541987e-01
7.118027804002526882e-01
6.308980930071175219e-01
3.703228871397103439e-01
1.121106184897578073e+00
5.513021350403048970e-01
5.305345239364833709e-01
9.294056172372874292e-01
7.079145673925926197e-01
1.278769024745506799e+00
7.345253809365634989e-01
9.477355023502563869e-01
1.369175128568542066e+00
7.640823869463746476e-01
6.250217857837848667e-01
6.375443877112949576e-01
1.098429662183892930e+00
1.362804678578149797e+00
1.171577397847196833e+00
3.667934652480638325e-01
2.558889423362158966e-01
9.288133453050116950e-01
1.157607458322711613e+00
1.407032654427948337e+00
5.780355920285584759e-01
6.308798347837971665e-01
5.009096957135452666e-01
3.595912149010341285e-01
6.622785485699194119e-01
1.172935058242232209e+00
8.659303374278159993e-01
8.981986452474693960e-01
4.498356496744275179e-01
7.616526400831346022e-01
